1	1	4
1	3	4
1	6	4
1	47	5
1	50	5
1	70	3
1	101	5
1	110	4
1	151	5
1	157	5
1	163	5
1	216	5
1	223	3
1	231	5
1	235	4
1	260	5
1	296	3
1	316	3
1	333	5
1	349	4
1	356	4
1	362	5
1	367	4
1	423	3
1	441	4
1	457	5
1	480	4
1	500	3
1	527	5
1	543	4
1	552	4
1	553	5
1	590	4
1	592	4
1	593	4
1	596	5
1	608	5
1	648	3
1	661	5
1	673	3
1	733	4
1	736	3
1	780	3
1	804	4
1	919	5
1	923	5
1	940	5
1	943	4
1	954	5
1	1009	3
1	1023	5
1	1024	5
1	1025	5
1	1029	5
1	1030	3
1	1031	5
1	1032	5
1	1042	4
1	1049	5
1	1060	4
1	1073	5
1	1080	5
1	1089	5
1	1090	4
1	1092	5
1	1097	5
1	1127	4
1	1136	5
1	1196	5
1	1197	5
1	1198	5
1	1206	5
1	1208	4
1	1210	5
1	1213	5
1	1214	4
1	1219	2
1	1220	5
1	1222	5
1	1224	5
1	1226	5
1	1240	5
1	1256	5
1	1258	3
1	1265	4
1	1270	5
1	1275	5
1	1278	5
1	1282	5
1	1291	5
1	1298	5
1	1348	4
1	1377	3
1	1396	3
1	1408	3
1	1445	3
1	1473	4
1	1500	4
1	1517	5
1	1552	4
1	1573	5
1	1580	3
1	1587	5
1	1617	5
1	1620	4
1	1625	5
1	1644	3
1	1676	3
1	1732	5
1	1777	4
1	1793	4
1	1804	5
1	1805	4
1	1920	4
1	1927	5
1	1954	5
1	1967	4
1	2000	4
1	2005	5
1	2012	4
1	2018	5
1	2028	4
1	2033	5
1	2046	4
1	2048	5
1	2054	4
1	2058	5
1	2078	5
1	2090	5
1	2093	3
1	2094	5
1	2096	4
1	2099	4
1	2105	4
1	2115	5
1	2116	5
1	2137	5
1	2139	5
1	2141	5
1	2143	4
1	2161	5
1	2174	4
1	2193	4
1	2253	2
1	2268	4
1	2273	4
1	2291	5
1	2329	5
1	2338	2
1	2353	5
1	2366	4
1	2387	5
1	2389	2
1	2395	5
1	2406	4
1	2414	3
1	2427	5
1	2450	4
1	2459	5
1	2470	5
1	2478	4
1	2492	4
1	2502	5
1	2528	3
1	2529	5
1	2542	5
1	2571	5
1	2580	5
1	2596	5
1	2616	4
1	2617	2
1	2628	4
1	2640	4
1	2641	5
1	2644	4
1	2648	4
1	2654	5
1	2657	3
1	2692	5
1	2700	5
1	2716	5
1	2761	5
1	2797	4
1	2826	4
1	2858	5
1	2872	5
1	2899	5
1	2916	4
1	2944	5
1	2947	5
1	2948	5
1	2949	5
1	2959	5
1	2985	4
1	2987	5
1	2991	5
1	2993	5
1	2997	4
1	3033	5
1	3034	5
1	3052	5
1	3053	5
1	3062	4
1	3147	5
1	3168	4
1	3176	1
1	3243	3
1	3247	3
1	3253	5
1	3273	5
1	3386	5
1	3439	4
1	3440	4
1	3441	5
1	3448	5
1	3450	5
1	3479	4
1	3489	4
1	3527	4
1	3578	5
1	3617	4
1	3639	4
1	3671	5
1	3702	5
1	3703	5
1	3729	5
1	3740	4
1	3744	4
1	3793	5
1	3809	4
1	4006	4
1	5060	5
2	318	3
2	333	4
2	1704	4.5
2	3578	4
2	6874	4
2	8798	3.5
2	46970	4
2	48516	4
2	58559	4.5
2	60756	5
2	68157	4.5
2	71535	3
2	74458	4
2	77455	3
2	79132	4
2	80489	4.5
2	80906	5
2	86345	4
2	89774	5
2	91529	3.5
2	91658	2.5
2	99114	3.5
2	106782	5
2	109487	3
2	112552	4
2	114060	2
2	115713	3.5
2	122882	5
2	131724	5
3	31	0.5
3	527	0.5
3	647	0.5
3	688	0.5
3	720	0.5
3	849	5
3	914	0.5
3	1093	0.5
3	1124	0.5
3	1263	0.5
3	1272	0.5
3	1275	3.5
3	1302	0.5
3	1371	3
3	1587	4.5
3	2018	0.5
3	2080	0.5
3	2090	0.5
3	2105	2
3	2288	4
3	2424	0.5
3	2851	5
3	3024	4.5
3	3210	0.5
3	3703	5
3	3949	0.5
3	4518	5
3	5048	0.5
3	5181	5
3	5746	5
3	5764	4.5
3	5919	5
3	6238	0.5
3	6835	5
3	7899	4.5
3	7991	5
3	26409	4.5
3	70946	5
3	72378	0.5
4	21	3
4	32	2
4	45	3
4	47	2
4	52	3
4	58	3
4	106	4
4	125	5
4	126	1
4	162	5
4	171	3
4	176	5
4	190	2
4	215	5
4	222	1
4	232	5
4	235	2
4	247	3
4	260	5
4	265	5
4	296	1
4	319	5
4	342	5
4	345	4
4	348	4
4	351	3
4	357	3
4	368	4
4	417	2
4	441	1
4	450	2
4	457	5
4	475	5
4	492	5
4	509	1
4	538	5
4	539	1
4	553	2
4	588	4
4	593	5
4	595	3
4	599	2
4	608	5
4	648	3
4	708	4
4	759	3
4	800	4
4	892	4
4	898	5
4	899	4
4	902	4
4	904	4
4	908	5
4	910	5
4	912	5
4	914	5
4	919	5
4	920	5
4	930	5
4	937	3
4	1025	4
4	1046	5
4	1057	3
4	1060	2
4	1073	4
4	1077	5
4	1079	2
4	1080	5
4	1084	5
4	1086	5
4	1094	3
4	1103	5
4	1136	5
4	1179	4
4	1183	1
4	1188	5
4	1196	5
4	1197	5
4	1198	3
4	1199	2
4	1203	5
4	1211	1
4	1213	4
4	1219	4
4	1225	4
4	1250	5
4	1259	4
4	1265	4
4	1266	4
4	1279	2
4	1282	5
4	1283	5
4	1288	4
4	1291	4
4	1304	3
4	1391	1
4	1449	5
4	1466	4
4	1500	4
4	1517	4
4	1580	3
4	1597	1
4	1617	2
4	1641	4
4	1704	1
4	1719	4
4	1732	4
4	1733	5
4	1734	3
4	1834	5
4	1860	2
4	1883	4
4	1885	3
4	1892	2
4	1895	4
4	1907	3
4	1914	4
4	1916	1
4	1923	3
4	1947	5
4	1966	2
4	1967	5
4	1968	4
4	2019	2
4	2076	4
4	2078	5
4	2109	4
4	2145	3
4	2150	5
4	2174	5
4	2186	5
4	2203	4
4	2204	5
4	2282	1
4	2324	1
4	2336	2
4	2351	4
4	2359	4
4	2390	5
4	2395	3
4	2406	4
4	2467	4
4	2571	1
4	2583	5
4	2599	5
4	2628	1
4	2683	4
4	2692	5
4	2712	2
4	2762	4
4	2763	1
4	2770	2
4	2791	5
4	2843	5
4	2858	5
4	2874	4
4	2921	4
4	2926	5
4	2959	2
4	2973	2
4	2997	4
4	3033	4
4	3044	5
4	3060	4
4	3079	3
4	3083	5
4	3160	4
4	3175	1
4	3176	4
4	3204	4
4	3255	4
4	3317	4
4	3358	3
4	3365	5
4	3386	4
4	3408	4
4	3481	2
4	3489	1
4	3508	5
4	3538	2
4	3591	1
4	3788	3
4	3809	3
4	3851	5
4	3897	4
4	3911	3
4	3967	4
4	3996	4
4	4002	3
4	4014	1
4	4020	3
4	4021	4
4	4027	3
4	4029	3
4	4033	4
4	4034	5
4	4074	3
4	4121	4
4	4144	3
4	4166	3
4	4226	2
4	4239	5
4	4246	4
4	4252	3
4	4260	2
4	4273	4
4	4308	1
4	4347	4
4	4381	3
4	4641	1
4	4741	3
4	4765	5
4	4881	3
4	4896	4
4	4902	4
4	4967	5
5	1	4
5	21	4
5	34	4
5	36	4
5	39	3
5	50	4
5	58	5
5	110	4
5	150	3
5	153	3
5	232	4
5	247	5
5	253	3
5	261	4
5	265	3
5	266	1
5	290	5
5	296	5
5	300	3
5	316	2
5	318	3
5	344	3
5	349	3
5	357	2
5	364	3
5	367	4
5	380	2
5	410	3
5	457	4
5	474	4
5	475	5
5	515	3
5	527	5
5	531	4
5	534	3
5	588	4
5	589	3
5	590	5
5	592	3
5	594	5
5	595	5
5	596	5
5	597	3
5	608	3
6	2	4
6	3	5
6	4	3
6	5	5
6	6	4
6	7	4
6	8	3
6	10	3
6	11	4
6	13	3
6	15	4
6	16	4
6	17	4
6	19	2
6	21	2
6	22	5
6	24	4
6	25	3
6	26	4
6	27	3
6	31	3
6	32	4
6	34	4
6	36	5
6	41	4
6	43	4
6	45	3
6	46	4
6	47	4
6	50	1
6	54	4
6	60	4
6	61	4
6	62	4
6	65	3
6	66	3
6	76	4
6	79	3
6	86	5
6	87	3
6	88	2
6	89	4
6	92	4
6	93	4
6	95	4
6	100	3
6	102	1
6	104	4
6	105	3
6	110	5
6	112	4
6	113	3
6	126	3
6	135	3
6	140	3
6	141	4
6	145	4
6	146	4
6	150	4
6	151	4
6	153	3
6	158	4
6	159	3
6	160	5
6	161	3
6	163	3
6	165	3
6	168	5
6	170	3
6	171	3
6	174	3
6	177	3
6	179	1
6	180	2
6	181	3
6	185	3
6	186	3
6	189	3
6	191	2
6	195	4
6	196	3
6	201	3
6	204	3
6	205	3
6	207	4
6	208	3
6	209	3
6	210	4
6	212	4
6	216	4
6	217	3
6	218	2
6	219	3
6	222	4
6	224	3
6	225	4
6	230	5
6	231	3
6	234	2
6	236	4
6	237	4
6	239	3
6	240	3
6	243	3
6	248	5
6	250	4
6	251	3
6	252	4
6	253	3
6	254	3
6	256	3
6	257	5
6	258	3
6	261	4
6	262	5
6	265	3
6	266	3
6	267	3
6	270	3
6	271	4
6	273	3
6	274	4
6	276	4
6	277	5
6	279	3
6	281	4
6	282	3
6	288	2
6	289	3
6	291	3
6	292	4
6	293	3
6	296	2
6	302	3
6	303	3
6	304	4
6	310	3
6	312	1
6	313	3
6	314	5
6	315	4
6	316	5
6	317	4
6	318	5
6	327	1
6	329	4
6	330	3
6	332	3
6	333	5
6	336	3
6	337	5
6	339	4
6	340	4
6	342	3
6	343	3
6	344	3
6	347	3
6	348	3
6	349	5
6	350	5
6	351	4
6	352	3
6	353	4
6	354	4
6	355	4
6	356	5
6	357	3
6	358	3
6	359	3
6	360	3
6	361	4
6	362	3
6	364	5
6	366	3
6	367	4
6	368	5
6	370	4
6	371	3
6	374	3
6	377	5
6	378	3
6	380	4
6	381	3
6	382	3
6	383	3
6	405	3
6	410	3
6	412	3
6	415	4
6	416	3
6	419	3
6	426	3
6	432	5
6	434	4
6	435	3
6	437	3
6	440	4
6	445	3
6	450	4
6	454	4
6	455	3
6	457	5
6	458	3
6	460	3
6	466	2
6	468	4
6	469	4
6	472	3
6	474	4
6	475	4
6	477	4
6	480	5
6	485	3
6	489	3
6	490	3
6	491	4
6	493	3
6	494	3
6	497	3
6	500	5
6	502	3
6	505	3
6	508	4
6	509	3
6	510	3
6	515	4
6	516	4
6	520	3
6	524	3
6	527	3
6	531	3
6	532	3
6	536	3
6	537	3
6	539	3
6	540	3
6	542	4
6	543	3
6	546	2
6	548	3
6	552	3
6	553	5
6	569	4
6	575	3
6	587	5
6	588	5
6	589	3
6	590	5
6	592	3
6	593	4
6	594	4
6	595	5
6	596	3
6	597	4
6	606	3
6	608	3
6	609	4
6	616	5
6	628	3
6	631	4
6	637	4
6	640	1
6	647	4
6	662	3
6	667	3
6	694	3
6	697	3
6	700	4
6	704	3
6	708	4
6	709	5
6	710	3
6	711	4
6	719	2
6	736	5
6	747	3
6	762	1
6	765	3
6	775	3
6	780	5
6	783	5
6	795	3
6	799	3
6	801	3
6	802	4
6	818	3
6	830	5
6	835	4
6	837	3
6	838	4
6	839	3
6	842	3
6	848	4
6	852	4
6	867	3
6	880	3
6	881	3
6	888	3
6	891	3
6	979	3
6	981	3
6	986	4
6	991	4
6	996	4
6	999	2
6	1004	4
6	1006	4
6	1042	3
6	1049	5
6	1061	4
6	1064	4
6	1073	3
6	1082	4
6	1084	3
7	1	4.5
7	50	4.5
7	58	3
7	150	4.5
7	165	4
7	260	5
7	356	5
7	380	3
7	466	5
7	480	5
7	587	2
7	588	3
7	589	2.5
7	592	3
7	593	5
7	595	3.5
7	648	4
7	750	4
7	780	4.5
7	920	3
7	924	4
7	1101	4
7	1183	1.5
7	1196	4
7	1208	4
7	1210	4
7	1219	5
7	1220	4.5
7	1240	5
7	1246	1.5
7	1270	5
7	1517	3.5
7	1584	5
7	1610	4
7	1617	3
7	1682	3
7	1784	0.5
7	1917	4
7	1923	1.5
7	1954	4.5
7	2019	5
7	2324	2
7	2353	3.5
7	2529	5
7	2628	1.5
7	2640	3
7	2671	4.5
7	2683	2
7	2688	2.5
7	2701	1.5
7	2717	3.5
7	2762	4.5
7	2858	4
7	3114	4.5
7	3354	1.5
7	3408	4.5
7	3578	1.5
7	3623	1
7	3793	3.5
7	3869	5
7	3916	4
7	3977	2.5
7	3994	3
7	4018	4
7	4223	2
7	4246	2
7	4306	4
7	4310	0.5
7	4370	4.5
7	4643	1
7	4700	1.5
7	4844	1.5
7	4874	3
7	4886	4
7	4896	4
7	4963	4
7	4993	4.5
7	4995	4.5
7	5218	3.5
7	5349	3.5
7	5378	0.5
7	5445	4
7	5459	3
7	5464	3
7	5502	1.5
7	5618	5
7	5816	4.5
7	5952	4.5
7	5989	4
7	5991	4.5
7	6333	4
7	6365	4
7	6534	0.5
7	6539	4.5
7	6863	4.5
7	6934	2
7	7143	4.5
7	7153	4
7	7155	3
7	7445	4
7	8207	4.5
7	8360	3.5
7	8368	2.5
7	8373	2
7	8528	4.5
7	8636	4.5
7	8665	3.5
7	8666	1
7	8783	1
7	8798	4.5
7	8808	1.5
7	8865	1
7	8870	3.5
7	8907	1
7	8908	4.5
7	8949	4
7	8957	4
7	8958	3.5
7	8961	4
7	8965	1
7	8970	2.5
7	8972	2.5
7	8984	4
7	27741	3
7	30812	3.5
7	30816	2
7	31878	3.5
7	32029	2
7	32031	1.5
7	32296	2
7	32587	3.5
7	33162	3.5
7	33493	1
7	33794	2
7	33836	1
7	34048	3
7	34319	4.5
7	37741	3.5
7	38388	3.5
7	42002	4.5
7	45499	4
7	45517	4.5
7	45668	1
7	45730	0.5
7	46530	1
7	48516	1
7	48783	4.5
7	48997	2.5
7	49272	4.5
7	49278	3.5
7	49286	0.5
7	49824	3
8	2	4
8	10	2
8	11	4
8	21	4
8	32	3
8	34	5
8	39	3
8	47	4
8	50	5
8	110	3
8	141	3
8	150	4
8	153	2
8	185	5
8	186	4
8	208	3
8	231	4
8	235	3
8	236	3
8	252	3
8	253	5
8	282	3
8	292	3
8	296	4
8	317	3
8	318	5
8	339	3
8	356	3
8	357	5
8	364	5
8	367	3
8	377	4
8	380	5
8	432	1
8	440	3
8	454	4
8	457	3
8	480	4
8	500	2
8	527	5
8	539	3
8	586	3
8	587	3
8	590	5
8	592	3
8	593	4
8	597	3
9	41	3
9	187	3
9	223	4
9	371	3
9	627	3
9	922	4
9	923	5
9	1037	2
9	1095	4
9	1198	5
9	1270	5
9	1674	4
9	1987	2
9	2011	3
9	2012	4
9	2023	3
9	2300	5
9	2877	3
9	2901	2
9	3173	2
9	3328	3
9	3735	3
9	4131	1
9	4558	1
9	4993	5
9	5218	4
9	5378	3
9	5445	4
9	5447	4
9	5451	4
9	5481	5
9	5507	1
9	5841	1
9	5843	3
9	5872	3
9	5890	4
9	5891	1
9	5893	4
9	5902	5
9	5952	5
9	5956	4
9	5962	1
9	5965	4
9	5988	2
9	6001	4
9	6044	2
10	296	1
10	356	3.5
10	588	4
10	597	3.5
10	912	4
10	1028	0.5
10	1088	3
10	1247	3
10	1307	3
10	1784	3.5
10	1907	4
10	2571	0.5
10	2671	3.5
10	2762	0.5
10	2858	1
10	2959	0.5
10	3578	4
10	3882	3
10	4246	3.5
10	4306	4.5
10	4447	4.5
10	4993	4
10	4995	4
10	5066	3
10	5377	3.5
10	5620	3
10	5943	3
10	5952	4
10	5957	3
10	6155	3
10	6266	3
10	6377	3.5
10	6535	4
10	6942	4
10	7149	4
10	7151	3
10	7153	4
10	7154	4
10	7169	4.5
10	7293	3.5
10	7375	4
10	7451	3.5
10	7458	5
10	8529	3.5
10	8533	5
10	8636	3.5
10	8665	3.5
10	8808	3
10	8869	5
10	8961	2.5
10	8969	3.5
10	8970	1
10	30749	3.5
10	31433	2.5
10	31685	4.5
10	33145	3
10	33679	3
10	33794	5
10	40629	3
10	40819	4
10	41285	2.5
10	47099	3
10	49272	5
10	49286	5
10	51662	3
10	51705	4.5
10	51834	1.5
10	54286	3.5
10	56367	3.5
10	56949	3
10	58047	3.5
10	58559	4.5
10	59333	2.5
10	59421	2
10	60397	3
10	60950	2
10	61250	2.5
10	63113	3.5
10	63992	4.5
10	64969	0.5
10	66203	3.5
10	68954	4
10	69406	4.5
10	69844	3
10	70183	3
10	70293	0.5
10	71579	5
10	72011	2.5
10	72330	3.5
10	72407	3
10	72720	3.5
10	72737	3.5
10	72998	2.5
10	73017	3
10	74450	3
10	77841	2
10	78772	3
10	79091	5
10	80549	3.5
10	81784	2.5
10	81845	5
10	81847	3.5
10	82167	3.5
10	82499	2
10	84374	3.5
10	86548	3
10	87222	3.5
10	88163	4
10	88810	3
10	91104	3
10	91529	5
10	92259	5
10	94070	4.5
10	95167	4
10	95449	4
10	95510	3
10	95543	3.5
10	96079	5
10	97024	0.5
10	97938	1
10	98203	3
10	103335	4
10	103339	4
10	104374	4
10	105211	2.5
10	106489	3.5
10	106696	4.5
10	106782	1
10	107141	2
10	109374	0.5
10	109487	0.5
10	109853	4
10	112006	4
10	113275	4.5
10	113394	4
10	119145	1
10	129428	3.5
10	136020	5
10	137595	4
10	140110	5
11	6	5
11	10	3
11	36	4
11	44	2
11	95	3
11	110	5
11	150	5
11	153	3
11	165	3
11	170	4
11	208	3
11	292	4
11	318	4
11	349	5
11	356	5
11	368	3
11	376	2
11	377	3
11	380	4
11	434	3
11	457	5
11	466	3
11	474	4
11	480	4
11	493	3
11	511	4
11	529	5
11	589	4
11	593	5
11	648	4
11	733	4
11	736	4
11	780	4
11	1100	3
11	1101	5
11	1210	4
11	1358	4
11	1370	3
11	1385	3
11	1391	1
11	1408	5
11	1438	3
11	1518	4
11	1552	4
11	1573	3
11	1584	5
11	1586	4
11	1597	4
11	1604	4
11	1608	4
11	1616	3
11	1687	3
11	1693	5
11	1704	4
11	1721	5
11	1784	5
11	1840	4
11	1882	2
11	1917	4
11	1918	4
11	1923	4
11	2002	2
11	2027	3
11	2028	5
12	39	4
12	168	5
12	222	5
12	256	5
12	261	4.5
12	277	3
12	357	3.5
12	543	3.5
12	830	4
12	838	5
12	920	4.5
12	1265	3.5
12	1357	5
12	1405	3
12	1721	5
12	1876	3.5
12	2072	5
12	2100	3.5
12	2421	3
12	2485	5
12	2572	5
12	2581	5
12	2694	4
12	2717	5
12	3668	5
12	3967	4.5
12	4018	4.5
12	5620	4
12	6942	5
12	8533	5
12	40629	5
12	63992	5
13	47	5
13	305	1
13	597	3
13	1173	3
13	1198	5
13	1590	4
13	1619	3
13	1639	4
13	1721	4
13	2145	3
13	2174	3
13	2541	2
13	2571	5
13	3300	4
13	3409	2
13	3513	3
13	3578	5
13	3624	4
13	3717	3
13	3753	4
13	3793	4
13	3798	4
13	3827	4
13	3863	4
13	3893	3
13	3897	4
13	3952	3
13	3977	3
13	3996	5
13	4011	5
13	4148	4
14	4	3
14	7	3
14	19	1
14	25	4
14	32	4
14	39	3
14	47	5
14	95	5
14	105	3
14	110	5
14	150	4
14	153	2
14	193	3
14	231	3
14	266	5
14	282	5
14	288	4
14	296	3
14	318	3
14	337	5
14	339	4
14	344	2
14	351	3
14	356	4
14	367	1
14	376	4
14	377	3
14	383	4
14	434	4
14	448	3
14	455	3
14	477	4
14	480	3
14	491	3
14	508	3
14	509	5
14	524	3
14	527	3
14	539	4
14	540	3
14	552	3
14	553	4
14	586	3
14	590	4
14	592	2
14	593	4
14	597	3
14	784	1
15	1	2.5
15	44	1
15	47	3.5
15	158	1
15	172	1
15	256	3
15	260	5
15	293	3
15	296	4
15	318	5
15	355	1
15	356	5
15	364	3
15	527	5
15	588	3
15	589	5
15	596	2
15	780	3.5
15	849	2
15	858	4
15	1196	5
15	1198	4
15	1200	5
15	1210	5
15	1214	5
15	1240	4
15	1265	3.5
15	1270	5
15	1347	3
15	1527	3
15	1653	4.5
15	1909	2.5
15	2001	5
15	2011	5
15	2012	4
15	2028	3.5
15	2081	3
15	2085	1.5
15	2150	5
15	2278	2.5
15	2329	4.5
15	2571	4
15	2762	3
15	2858	4
15	2916	4.5
15	2959	2.5
15	3147	5
15	3156	5
15	3499	4
15	3510	5
15	3535	3.5
15	3555	4
15	3578	5
15	3617	1.5
15	3753	3
15	3949	4
15	3994	3
15	4018	4
15	4022	3.5
15	4226	1.5
15	4306	3
15	4370	4
15	4720	5
15	4886	3.5
15	4993	3.5
15	4995	5
15	5445	4
15	5618	3
15	5952	3.5
15	5971	2
15	5989	5
15	6377	3
15	6502	3.5
15	6874	3
15	7254	3.5
15	7438	3
15	8360	2.5
15	8644	3.5
15	8961	2.5
15	33493	5
15	48304	4.5
15	48774	3
15	48780	4.5
15	50872	3
15	56174	3.5
15	58559	2
15	59315	2
15	60069	3.5
15	63859	3
15	64614	4
15	68237	3
15	68954	3.5
15	69757	4
15	70286	3.5
15	71057	4
15	71264	2.5
15	72998	3
15	79132	3.5
15	84152	5
15	84954	4.5
15	85414	3.5
15	89745	2
15	91500	3
15	91529	2
15	94864	3
15	96610	3
15	97938	4
15	99114	1
15	101864	4
15	103249	3.5
15	104841	4.5
15	105504	4
15	109374	2
15	109487	4
15	110102	1.5
15	111759	4.5
15	112556	4.5
15	112852	1.5
15	115149	2
15	115713	2
15	120466	2.5
15	122882	2
15	122886	5
15	122904	2
15	122922	2
15	122924	1
15	134130	4
15	134853	4.5
15	143385	3
15	152077	5
15	152081	3
15	158872	3.5
15	160980	3.5
15	166528	5
15	166635	3.5
16	47	3.5
16	50	4
16	111	4.5
16	204	2
16	260	3
16	293	4
16	296	3
16	318	4
16	319	4
16	356	3.5
16	527	4
16	541	4.5
16	593	3
16	608	4.5
16	678	4
16	745	4
16	750	4.5
16	849	4
16	858	2.5
16	904	3.5
16	912	3.5
16	913	4
16	923	3.5
16	1089	4
16	1136	4
16	1147	4
16	1148	4
16	1186	3.5
16	1188	2.5
16	1193	4
16	1196	3
16	1197	4
16	1198	3.5
16	1199	5
16	1201	3
16	1203	4
16	1207	4
16	1208	4
16	1213	3.5
16	1214	4
16	1219	3
16	1222	4.5
16	1223	4
16	1230	4
16	1247	4
16	1252	4.5
16	1260	4
16	1261	4
16	1267	4
16	1276	4
16	1281	3
16	1299	4
16	1617	3.5
16	1680	3.5
16	1704	3.5
16	2019	4
16	2109	3.5
16	2329	3.5
16	2427	1.5
16	2490	3
16	2571	3.5
16	2641	3
16	2707	3.5
16	2723	3.5
16	2762	3.5
16	2858	3.5
16	2959	3.5
16	3000	4
16	3022	3.5
16	3108	4
16	3174	3.5
16	3429	3.5
16	3683	4
16	3741	4
16	3949	4
16	4002	3.5
16	4011	3
16	4226	4.5
16	4878	3.5
16	4973	4
16	4993	3.5
16	5618	4.5
16	5782	4
16	5952	3.5
16	5971	4
16	6350	3.5
16	7099	3.5
16	7153	3.5
16	7361	3.5
16	27611	4
16	27773	4
16	48394	4
16	58559	4.5
16	60069	4
16	68954	4
16	78499	4.5
16	79132	3
16	91529	4.5
17	1	4.5
17	44	3.5
17	47	4
17	50	4.5
17	110	4.5
17	111	4
17	150	3.5
17	260	5
17	293	3.5
17	296	5
17	318	5
17	356	5
17	480	4.5
17	527	4.5
17	541	3.5
17	589	4.5
17	590	4.5
17	592	4.5
17	593	4.5
17	750	4.5
17	780	4
17	858	5
17	899	3.5
17	904	4
17	910	3.5
17	1032	4.5
17	1036	4
17	1089	4
17	1090	4.5
17	1093	4
17	1100	3.5
17	1193	4.5
17	1196	5
17	1197	3.5
17	1198	4.5
17	1201	5
17	1206	5
17	1209	3.5
17	1210	5
17	1213	4.5
17	1221	4.5
17	1222	4.5
17	1228	4.5
17	1234	4
17	1240	5
17	1252	4
17	1258	4
17	1259	4
17	1263	4
17	1270	4.5
17	1291	4
17	1358	3
17	1375	3.5
17	1405	4
17	1466	3
17	1732	5
17	1967	4
17	2005	4
17	2019	3.5
17	2028	4.5
17	2194	4
17	2329	4.5
17	2502	4.5
17	2571	5
17	2717	3.5
17	2762	4
17	2858	4
17	2959	4.5
17	3039	4.5
17	3147	4.5
17	3263	4
17	3435	3.5
17	3508	4
17	3681	4.5
17	3702	3.5
17	3949	4.5
17	4226	4
17	4571	4
17	4993	4.5
17	5618	5
17	5782	4
17	5952	5
17	5971	4
17	6016	4.5
17	6350	5
17	6870	3.5
17	7099	5
17	7153	4.5
17	7482	4
17	27773	4
17	31658	4.5
17	33794	4
17	48394	4.5
17	48516	4
17	58559	4.5
17	60069	3.5
17	64839	3.5
17	68157	4
17	68358	4.5
17	77455	3.5
17	78499	4
17	79132	4.5
17	80463	4
17	81932	3.5
17	82459	4
18	1	3.5
18	2	3
18	6	4
18	16	4.5
18	32	4
18	34	2.5
18	36	4
18	47	4.5
18	50	5
18	70	3.5
18	104	2.5
18	110	4.5
18	111	4
18	145	3.5
18	163	4
18	165	4
18	180	4
18	208	3
18	223	4
18	231	2.5
18	235	4.5
18	260	4
18	288	4
18	293	4.5
18	296	4
18	318	5
18	329	4
18	337	4
18	344	2.5
18	356	4.5
18	364	3
18	367	2.5
18	370	3
18	374	2.5
18	377	2.5
18	380	2.5
18	431	4
18	435	2
18	442	3
18	457	3.5
18	466	2.5
18	480	3.5
18	500	3.5
18	502	2
18	508	4
18	527	4.5
18	541	4
18	555	4
18	586	3.5
18	588	3.5
18	589	4.5
18	590	4
18	593	4.5
18	595	3
18	608	4.5
18	628	3.5
18	648	3
18	653	3
18	673	3
18	745	4
18	778	4.5
18	780	4
18	784	2
18	849	3.5
18	858	4
18	904	4.5
18	908	4
18	913	4
18	919	4
18	923	5
18	924	4
18	1020	3.5
18	1036	4
18	1059	3.5
18	1080	4.5
18	1086	4
18	1089	4
18	1095	4
18	1136	4.5
18	1148	4.5
18	1193	4.5
18	1196	4
18	1198	4
18	1201	5
18	1203	5
18	1206	4.5
18	1207	4.5
18	1208	3.5
18	1209	5
18	1210	4.5
18	1212	4.5
18	1213	4.5
18	1214	4
18	1219	4.5
18	1221	5
18	1222	4.5
18	1223	4.5
18	1227	4.5
18	1234	4.5
18	1240	4
18	1245	4
18	1246	4
18	1247	4.5
18	1252	4
18	1260	4
18	1270	4
18	1275	3.5
18	1276	4
18	1291	4
18	1356	4.5
18	1370	3.5
18	1371	4
18	1374	4.5
18	1375	3.5
18	1391	3
18	1466	4
18	1517	2.5
18	1527	3.5
18	1544	3.5
18	1580	3.5
18	1608	3
18	1617	4
18	1625	3.5
18	1653	3.5
18	1676	3.5
18	1682	3
18	1704	4
18	1721	4
18	1729	4
18	1732	4.5
18	1784	3.5
18	1805	3.5
18	1892	4
18	1917	3
18	1918	3.5
18	1924	2.5
18	1954	4
18	1961	4
18	2000	4
18	2001	3.5
18	2002	3.5
18	2011	3.5
18	2012	3
18	2019	4
18	2028	4
18	2058	3.5
18	2115	4
18	2184	3
18	2194	3.5
18	2268	4
18	2278	3.5
18	2291	4
18	2324	4.5
18	2329	4
18	2409	4
18	2410	3.5
18	2411	3
18	2412	3
18	2420	4
18	2421	3
18	2422	3
18	2470	3
18	2490	3.5
18	2542	4.5
18	2571	4.5
18	2683	2.5
18	2692	3
18	2706	3.5
18	2762	4.5
18	2918	3.5
18	2951	4.5
18	2953	3
18	2959	4.5
18	2997	4
18	3052	4.5
18	3081	4
18	3147	4
18	3253	3
18	3257	3
18	3275	4.5
18	3462	4
18	3578	4.5
18	3681	4.5
18	3702	3.5
18	3751	3.5
18	3785	2
18	3793	4
18	3896	4
18	3949	4.5
18	3994	2.5
18	4007	4
18	4011	4.5
18	4226	4.5
18	4239	4
18	4262	4
18	4306	4
18	4327	4
18	4383	4
18	4643	3
18	4728	3
18	4816	3
18	4886	4
18	4896	3.5
18	4963	4
18	4973	4
18	4993	4.5
18	4995	4.5
18	5008	4.5
18	5120	4.5
18	5218	4
18	5266	3.5
18	5349	4
18	5418	4
18	5445	4
18	5459	2.5
18	5464	4
18	5481	3
18	5574	3.5
18	5608	4
18	5669	3.5
18	5679	4
18	5816	3.5
18	5903	3.5
18	5944	2.5
18	5952	3.5
18	5956	4
18	5989	4
18	5995	4.5
18	6287	3
18	6300	4.5
18	6333	4
18	6365	3.5
18	6373	3.5
18	6377	4
18	6378	3
18	6440	4.5
18	6534	3
18	6539	4.5
18	6548	2
18	6709	3
18	6787	4
18	6807	4.5
18	6863	3.5
18	6870	4
18	6874	3.5
18	6888	0.5
18	6934	3
18	7018	3.5
18	7147	4.5
18	7153	4.5
18	7254	4.5
18	7293	3
18	7317	3
18	7318	2.5
18	7323	3
18	7361	4
18	7373	3.5
18	7438	3.5
18	7753	3.5
18	7843	4.5
18	8117	4
18	8360	3.5
18	8361	3
18	8368	3.5
18	8641	2.5
18	8644	3.5
18	8665	4
18	8784	3.5
18	8798	4
18	8917	3.5
18	8950	4
18	8957	3.5
18	8958	4
18	8961	3.5
18	8984	3
18	26444	3.5
18	26614	3.5
18	27689	2.5
18	27716	4.5
18	27773	3.5
18	27831	3.5
18	27878	4.5
18	30793	4
18	30812	4
18	31685	2
18	32460	3.5
18	32587	3.5
18	33004	3
18	33615	3.5
18	33794	4.5
18	34150	3.5
18	34405	3.5
18	36519	3
18	36529	4
18	37386	1.5
18	37729	4
18	37733	4
18	37741	4
18	38038	4
18	38061	4
18	40819	4
18	44022	3.5
18	44191	4.5
18	44199	4.5
18	44555	4
18	44665	4.5
18	45499	4
18	45517	3.5
18	45722	4
18	46578	3.5
18	46965	1
18	47200	3
18	47491	4
18	48394	4
18	48516	4.5
18	48780	4.5
18	49651	3.5
18	50872	3.5
18	51357	4
18	51540	4.5
18	51662	3.5
18	52604	4.5
18	53125	3.5
18	53129	3
18	53318	2.5
18	53464	2.5
18	53972	3
18	53996	3
18	54272	3.5
18	54286	4
18	55118	4.5
18	55247	3.5
18	55276	4
18	55290	4.5
18	55765	4.5
18	56757	4
18	57528	2.5
18	57640	3.5
18	57669	4
18	58295	3.5
18	58299	4
18	58559	4
18	59315	4
18	59615	2.5
18	59784	4
18	60040	3.5
18	60074	2.5
18	60684	3.5
18	60756	3
18	62434	3.5
18	63131	3.5
18	64197	4.5
18	64614	3.5
18	64839	3.5
18	64957	3.5
18	65596	4
18	66934	4
18	67255	4.5
18	68073	4.5
18	68157	3.5
18	68159	4
18	68319	4
18	68358	3.5
18	68954	4
18	69122	3
18	69640	4
18	69757	4
18	69951	3.5
18	70286	3.5
18	71108	4.5
18	71156	3
18	71899	4.5
18	72011	3.5
18	72378	3
18	72998	4
18	73017	4.5
18	73268	3.5
18	73321	3.5
18	73323	4.5
18	73499	3.5
18	74458	4.5
18	74510	4.5
18	74789	3.5
18	74948	4
18	76077	3
18	76175	2.5
18	76251	4.5
18	77561	4
18	78469	3
18	78499	4
18	79132	4.5
18	79293	3
18	79592	3
18	79695	3.5
18	79702	4
18	80219	3.5
18	80489	4
18	81788	4.5
18	83349	3
18	84392	4.5
18	85354	4
18	85414	3.5
18	86190	3.5
18	86332	3.5
18	86628	4
18	86880	3
18	87232	4
18	88094	3
18	88129	3
18	88140	4
18	89745	4
18	90600	4
18	91485	3.5
18	91500	4
18	91529	4
18	91542	4
18	91658	3.5
18	92094	3.5
18	95441	2.5
18	96432	4
18	96488	4
18	96610	3
18	96655	4
18	97752	3.5
18	97938	3
18	98124	4
18	98585	3.5
18	98809	4
18	99114	4
18	99728	3.5
18	99813	4
18	102125	3.5
18	102445	4
18	102903	4
18	103253	3.5
18	103772	4
18	104241	3
18	104879	3
18	106072	3.5
18	106487	4
18	106489	3.5
18	106782	3
18	106839	4
18	107846	3.5
18	109374	4
18	109487	4.5
18	110102	3.5
18	111362	4
18	111759	3.5
18	112183	3.5
18	112334	4.5
18	112421	4
18	112552	4.5
18	112852	4.5
18	114060	3.5
18	114066	4
18	115713	4.5
18	116797	4.5
18	116823	3.5
18	117176	4
18	118900	3.5
18	119145	4
18	122886	4
18	122892	3.5
18	122900	4
18	122904	3.5
18	122918	4
18	122920	3
18	122924	4
18	122926	3.5
18	128620	3.5
18	134130	4.5
18	134853	3.5
18	135569	3.5
18	139385	3.5
18	140289	4
18	141688	4
18	142488	4.5
18	144210	4
18	145283	3.5
18	148626	4
18	150548	4
18	155168	4
18	157108	4.5
18	157110	4.5
18	158238	4
18	158972	3.5
18	159093	3.5
18	160438	3
18	161582	4
18	162350	3.5
18	162606	3.5
18	164179	3
18	166015	3.5
18	166635	4
18	168252	4
18	171023	4
18	176101	3.5
18	177593	4.5
18	180095	3
18	180777	4.5
18	185135	4.5
19	1	4
19	2	3
19	3	3
19	7	2
19	10	2
19	12	1
19	13	3
19	15	2
19	19	2
19	32	4
19	34	4
19	44	3
19	47	3
19	48	1
19	54	2
19	64	2
19	65	2
19	70	2
19	87	2
19	92	2
19	102	1
19	104	2
19	107	2
19	118	3
19	135	3
19	141	1
19	153	2
19	158	3
19	161	2
19	165	3
19	170	3
19	173	1
19	185	2
19	186	2
19	196	2
19	208	2
19	216	2
19	223	3
19	231	2
19	235	4
19	252	3
19	253	3
19	256	1
19	258	3
19	260	4
19	273	1
19	289	2
19	291	2
19	293	4
19	295	3
19	316	2
19	319	1
19	325	2
19	328	2
19	329	2
19	330	3
19	332	2
19	333	2
19	338	2
19	339	3
19	344	2
19	348	2
19	350	2
19	351	2
19	353	5
19	356	2
19	357	4
19	362	2
19	364	3
19	366	2
19	367	4
19	368	3
19	370	3
19	372	1
19	374	2
19	377	4
19	378	3
19	379	2
19	380	3
19	407	3
19	410	2
19	414	2
19	420	2
19	422	3
19	423	3
19	427	3
19	432	3
19	434	3
19	435	2
19	440	3
19	442	3
19	445	2
19	450	2
19	455	2
19	457	4
19	466	3
19	468	3
19	472	2
19	474	3
19	480	2
19	485	2
19	486	2
19	490	2
19	494	2
19	497	3
19	500	2
19	512	2
19	513	3
19	520	2
19	537	1
19	539	3
19	540	1
19	541	4
19	542	2
19	543	3
19	546	2
19	551	5
19	558	2
19	575	2
19	586	3
19	587	3
19	588	3
19	589	5
19	592	5
19	597	3
19	606	2
19	610	3
19	611	2
19	627	2
19	637	2
19	640	1
19	648	3
19	653	2
19	661	3
19	671	2
19	673	1
19	674	4
19	708	3
19	709	2
19	711	3
19	719	2
19	720	4
19	724	4
19	733	3
19	736	2
19	742	3
19	743	2
19	745	4
19	761	3
19	762	1
19	783	4
19	785	2
19	788	2
19	798	2
19	799	3
19	810	1
19	818	4
19	829	2
19	830	2
19	832	2
19	837	4
19	839	1
19	842	2
19	849	2
19	852	4
19	866	2
19	879	1
19	880	2
19	881	1
19	903	5
19	904	5
19	906	3
19	910	4
19	911	3
19	913	5
19	915	2
19	921	3
19	924	3
19	930	3
19	931	4
19	933	4
19	965	2
19	984	2
19	986	3
19	1016	3
19	1020	3
19	1021	2
19	1028	2
19	1031	2
19	1032	1
19	1037	1
19	1047	3
19	1049	2
19	1057	3
19	1064	2
19	1073	4
19	1077	3
19	1079	4
19	1081	2
19	1086	4
19	1089	3
19	1092	2
19	1097	5
19	1127	3
19	1129	3
19	1136	3
19	1148	4
19	1179	2
19	1193	4
19	1196	4
19	1197	5
19	1198	5
19	1200	3
19	1210	3
19	1214	4
19	1215	3
19	1219	4
19	1234	4
19	1238	3
19	1240	4
19	1256	4
19	1257	3
19	1258	2
19	1259	3
19	1265	4
19	1267	3
19	1269	4
19	1270	4
19	1278	4
19	1285	5
19	1291	5
19	1297	4
19	1307	3
19	1322	2
19	1324	2
19	1330	2
19	1333	3
19	1339	2
19	1342	2
19	1345	3
19	1346	2
19	1347	2
19	1355	2
19	1356	3
19	1359	3
19	1367	1
19	1371	3
19	1372	5
19	1373	1
19	1374	5
19	1375	3
19	1376	4
19	1377	3
19	1378	3
19	1379	2
19	1380	3
19	1391	3
19	1394	3
19	1396	3
19	1405	2
19	1407	3
19	1409	3
19	1427	1
19	1441	3
19	1456	2
19	1457	3
19	1461	3
19	1474	2
19	1479	3
19	1485	3
19	1489	2
19	1499	1
19	1500	2
19	1517	3
19	1527	5
19	1542	2
19	1544	1
19	1550	2
19	1551	2
19	1552	3
19	1556	1
19	1562	1
19	1566	4
19	1569	3
19	1573	4
19	1580	2
19	1583	3
19	1584	3
19	1588	2
19	1590	1
19	1591	2
19	1593	2
19	1597	2
19	1603	2
19	1610	3
19	1614	2
19	1617	4
19	1625	4
19	1644	2
19	1645	2
19	1648	2
19	1653	4
19	1658	5
19	1663	3
19	1665	1
19	1676	2
19	1679	2
19	1681	3
19	1688	3
19	1689	2
19	1690	1
19	1702	3
19	1717	3
19	1718	2
19	1722	3
19	1732	3
19	1747	2
19	1748	3
19	1754	2
19	1777	3
19	1779	2
19	1783	1
19	1784	2
19	1798	1
19	1805	3
19	1806	2
19	1812	3
19	1816	1
19	1831	2
19	1834	3
19	1845	3
19	1848	2
19	1855	2
19	1862	1
19	1881	1
19	1882	2
19	1885	2
19	1888	2
19	1891	2
19	1892	2
19	1894	2
19	1895	2
19	1906	2
19	1907	3
19	1909	3
19	1911	2
19	1917	2
19	1918	3
19	1919	2
19	1920	3
19	1921	3
19	1923	4
19	1924	2
19	1963	3
19	1967	5
19	1968	2
19	1970	3
19	1971	3
19	1972	1
19	1973	2
19	1991	2
19	1994	3
19	2000	3
19	2001	2
19	2002	3
19	2003	3
19	2004	3
19	2005	4
19	2011	2
19	2012	3
19	2014	2
19	2015	3
19	2016	3
19	2026	2
19	2027	1
19	2033	3
19	2034	2
19	2036	2
19	2037	4
19	2040	2
19	2041	4
19	2044	3
19	2046	2
19	2048	3
19	2052	2
19	2053	2
19	2054	3
19	2060	3
19	2065	2
19	2072	2
19	2078	2
19	2081	4
19	2082	3
19	2088	3
19	2092	2
19	2094	4
19	2097	3
19	2100	3
19	2105	3
19	2108	3
19	2110	3
19	2111	3
19	2115	3
19	2118	2
19	2123	3
19	2133	3
19	2134	2
19	2137	4
19	2139	3
19	2140	4
19	2143	3
19	2144	3
19	2145	2
19	2148	2
19	2150	3
19	2153	3
19	2167	3
19	2169	2
19	2171	2
19	2174	4
19	2184	3
19	2186	4
19	2193	3
19	2203	3
19	2206	3
19	2227	3
19	2232	3
19	2243	2
19	2244	2
19	2245	3
19	2248	3
19	2249	3
19	2253	4
19	2255	2
19	2261	2
19	2263	2
19	2266	3
19	2267	2
19	2279	2
19	2287	3
19	2294	3
19	2302	3
19	2315	2
19	2320	3
19	2321	3
19	2328	2
19	2335	3
19	2338	1
19	2354	2
19	2355	3
19	2359	4
19	2369	2
19	2371	4
19	2372	1
19	2374	2
19	2375	2
19	2387	3
19	2393	3
19	2394	3
19	2396	4
19	2406	3
19	2407	2
19	2413	3
19	2414	3
19	2416	3
19	2418	2
19	2423	4
19	2424	2
19	2428	3
19	2446	2
19	2450	2
19	2453	3
19	2455	2
19	2458	2
19	2463	2
19	2465	1
19	2467	3
19	2468	2
19	2470	3
19	2478	2
19	2485	3
19	2490	3
19	2491	4
19	2496	3
19	2502	2
19	2513	1
19	2518	2
19	2528	2
19	2539	2
19	2548	2
19	2550	3
19	2555	1
19	2558	2
19	2571	4
19	2572	3
19	2581	3
19	2605	2
19	2606	4
19	2614	1
19	2617	3
19	2622	3
19	2628	3
19	2640	3
19	2641	3
19	2642	1
19	2643	1
19	2657	3
19	2668	2
19	2672	3
19	2683	3
19	2687	2
19	2694	2
19	2699	3
19	2700	4
19	2701	1
19	2706	3
19	2709	2
19	2710	2
19	2716	4
19	2717	1
19	2719	2
19	2720	1
19	2722	2
19	2723	5
19	2733	2
19	2746	3
19	2754	1
19	2762	4
19	2763	4
19	2788	2
19	2791	2
19	2793	2
19	2797	3
19	2802	3
19	2804	3
19	2806	2
19	2808	2
19	2822	2
19	2836	3
19	2840	2
19	2857	3
19	2858	4
19	2860	2
19	2867	3
19	2870	3
19	2883	3
19	2888	3
19	2898	2
19	2900	2
19	2901	1
19	2915	2
19	2916	3
19	2918	5
19	2936	4
19	2953	3
19	2959	5
19	2968	5
19	2985	3
19	2987	5
19	2995	2
19	2997	4
19	3005	2
19	3016	3
19	3017	2
19	3031	2
19	3032	3
19	3033	2
19	3034	3
19	3035	4
19	3039	3
19	3040	3
19	3044	3
19	3048	2
19	3052	3
19	3056	4
19	3063	2
19	3064	2
19	3070	5
19	3072	2
19	3081	3
19	3082	2
19	3087	3
19	3101	1
19	3104	2
19	3108	4
19	3113	2
19	3114	2
19	3146	1
19	3156	1
19	3175	4
19	3176	1
19	3190	1
19	3203	2
19	3213	4
19	3219	2
19	3225	3
19	3238	1
19	3243	3
19	3247	3
19	3248	2
19	3253	2
19	3254	2
19	3255	2
19	3257	2
19	3258	2
19	3263	2
19	3264	3
19	3269	2
19	3273	2
19	3300	3
19	3301	2
19	3308	2
19	3316	2
19	3324	2
19	3355	2
19	3358	5
19	3361	2
19	3370	2
19	3387	2
19	3393	1
19	3394	3
19	3395	3
19	3396	5
19	3397	2
19	3398	2
19	3400	3
19	3401	2
19	3409	2
19	3418	3
19	3421	4
19	3424	2
19	3440	2
19	3448	3
19	3450	3
19	3454	2
19	3466	2
19	3471	4
19	3476	3
19	3477	5
19	3479	3
19	3481	2
19	3483	2
19	3484	2
19	3489	2
19	3497	2
19	3499	3
19	3500	2
19	3501	2
19	3505	3
19	3510	3
19	3515	3
19	3526	2
19	3534	2
19	3535	2
19	3536	2
19	3548	2
19	3550	3
19	3551	3
19	3578	3
19	3584	2
19	3591	2
19	3594	2
19	3608	3
19	3622	3
19	3623	2
19	3624	3
19	3662	3
19	3671	3
19	3683	3
19	3685	3
19	3686	3
19	3692	3
19	3693	2
19	3698	2
19	3699	2
19	3701	2
19	3704	2
19	3705	2
19	3706	3
19	3708	2
19	3712	3
19	3717	2
19	3740	2
19	3743	2
19	3744	2
19	3745	4
19	3751	3
19	3752	3
19	3754	4
19	3763	3
19	3770	2
19	3784	2
19	3785	1
19	3793	4
19	3797	3
19	3798	2
19	3802	2
19	3809	3
19	3825	3
19	3826	1
19	3835	2
19	3837	1
19	3839	1
20	2	3
20	8	1
20	13	4
20	34	4
20	48	5
20	107	3.5
20	158	3
20	239	4.5
20	262	4.5
20	317	3.5
20	362	4
20	364	5
20	531	4.5
20	551	5
20	586	3
20	588	5
20	594	5
20	595	5
20	596	4.5
20	661	5
20	709	3
20	720	5
20	783	3.5
20	801	2.5
20	837	4
20	899	4
20	914	4.5
20	919	5
20	986	3.5
20	1010	3
20	1012	4
20	1013	4
20	1015	3.5
20	1018	3.5
20	1021	2
20	1022	4.5
20	1025	5
20	1028	4.5
20	1029	4.5
20	1030	3
20	1031	3
20	1032	3.5
20	1035	4.5
20	1073	5
20	1088	4.5
20	1097	5
20	1148	5
20	1282	4.5
20	1333	3.5
20	1367	3
20	1380	5
20	1489	4
20	1547	3
20	1566	4.5
20	1688	4.5
20	1722	3
20	1848	3
20	1876	2
20	1907	5
20	1919	3.5
20	1947	5
20	2005	5
20	2006	2
20	2018	4
20	2033	4
20	2048	3.5
20	2054	2.5
20	2059	3.5
20	2078	4.5
20	2080	4
20	2081	5
20	2083	5
20	2085	4
20	2087	4.5
20	2089	4.5
20	2090	3
20	2092	3
20	2096	4
20	2100	3.5
20	2116	2.5
20	2135	5
20	2137	4.5
20	2140	4
20	2141	4.5
20	2161	4.5
20	2167	2
20	2294	3.5
20	2300	5
20	2355	4
20	2394	5
20	2430	2
20	2565	3.5
20	2617	2.5
20	2657	5
20	2687	4.5
20	2700	4.5
20	2701	1
20	2709	5
20	2746	4.5
20	2761	4.5
20	2770	2.5
20	2804	5
20	2857	4
20	2941	4
20	2987	5
20	3034	5
20	3114	5
20	3157	3
20	3159	5
20	3189	3.5
20	3300	3
20	3301	3.5
20	3396	5
20	3397	5
20	3398	5
20	3408	3.5
20	3410	4
20	3438	4
20	3483	3.5
20	3510	3
20	3512	3
20	3535	1
20	3536	1.5
20	3549	5
20	3555	3
20	3565	3
20	3578	4.5
20	3615	2.5
20	3623	3
20	3624	2
20	3744	1
20	3751	5
20	3753	3
20	3755	4.5
20	3784	2.5
20	3793	3.5
20	3852	4
20	3882	2.5
20	3897	4.5
20	3948	3.5
20	3967	4.5
20	3972	3
20	3977	3.5
20	3986	2.5
20	3988	3.5
20	3990	0.5
20	3994	2.5
20	3996	3.5
20	3999	2
20	4014	4
20	4016	4.5
20	4019	4
20	4022	3.5
20	4025	3.5
20	4027	4
20	4029	4
20	4039	5
20	4054	2.5
20	4090	3.5
20	4154	4
20	4161	3.5
20	4226	3.5
20	4232	0.5
20	4246	5
20	4270	0.5
20	4299	3.5
20	4306	5
20	4308	3.5
20	4310	4
20	4344	3.5
20	4366	1.5
20	4367	0.5
20	4369	2
20	4370	3
20	4378	3.5
20	4446	3.5
20	4447	3
20	4449	2
20	4519	3.5
20	4638	1.5
20	4641	3
20	4643	3
20	4700	4
20	4718	3
20	4720	3.5
20	4734	1
20	4776	3.5
20	4783	3.5
20	4816	3.5
20	4821	0.5
20	4846	2.5
20	4848	1.5
20	4865	3
20	4886	4
20	4896	4.5
20	4901	3.5
20	4979	4
20	4990	4
20	4993	5
20	4995	5
20	5013	4.5
20	5014	4
20	5015	4
20	5103	4
20	5110	3
20	5171	2
20	5218	5
20	5254	3
20	5293	3.5
20	5299	4
20	5313	0.5
20	5349	3
20	5364	4
20	5378	4
20	5388	4
20	5418	3
20	5419	0.5
20	5445	4.5
20	5463	2
20	5481	1
20	5502	3
20	5504	0.5
20	5507	0.5
20	5618	5
20	5630	3.5
20	5679	3.5
20	5693	4
20	5785	4
20	5816	4.5
20	5952	5
20	5989	4.5
20	5991	5
20	6143	4
20	6156	3
20	6157	2
20	6166	1.5
20	6170	4
20	6297	4
20	6333	4
20	6345	5
20	6358	3.5
20	6365	4